,City,Latitude,Longitude,Humidity,Max Temp,Cloudiness,Wind Speed,Country,Date
0,alyangula,-13.8483,136.4192,70,87.8,40,10.36,AU,1619837064
1,ushuaia,-54.8,-68.3,100,37.4,90,2.3,AR,1619837065
2,port alfred,-7.0349,29.7638,82,71.38,100,3.36,CD,1619837065
3,hermanus,-34.4187,19.2345,80,53.01,0,1.01,ZA,1619836991
4,tura,25.5198,90.2201,33,90.59,16,2.37,IN,1619837065
5,biak,-0.9131,122.8766,63,84.7,58,2.42,ID,1619837066
6,upernavik,72.7868,-56.1549,75,24.01,100,4.41,GL,1619837066
7,touros,-5.1989,-35.4608,88,75.2,0,4.61,BR,1619837066
8,bredasdorp,-34.5322,20.0403,93,42.8,0,2.3,ZA,1619837067
9,rovaniemi,66.5,25.7167,68,21.2,0,9.22,FI,1619837067
10,tasiilaq,65.6145,-37.6368,93,26.6,27,5.75,GL,1619837067
11,hammerfest,70.6634,23.6821,93,30.2,75,12.66,NO,1619837068
12,carnarvon,-24.8667,113.6333,43,73.4,100,11.5,AU,1619837068
13,sao joao da barra,20.5113,76.2129,25,87.17,100,8.23,IN,1619837068
14,vila franca do campo,42.0304,-8.1588,93,45.0,0,4.61,PT,1619837069
15,cartagena,10.3997,-75.5144,83,82.4,40,6.91,CO,1619837054
16,kharp,66.8014,65.8081,80,20.23,14,3.27,RU,1619837069
17,rikitea,-23.1203,-134.9692,80,78.89,82,20.65,PF,1619836785
18,cabo san lucas,-8.2833,-35.0333,69,77.0,75,16.11,BR,1619837070
19,dikson,73.5069,80.5464,93,21.34,100,9.24,RU,1619837070
20,lagunas,-5.2269,-75.6753,83,73.38,26,1.61,PE,1619837071
21,castro,-24.7911,-50.0119,98,49.84,29,5.23,BR,1619837071
22,atuona,-9.8,-139.0333,68,79.34,1,1.74,PF,1619837071
23,maluso,6.543,121.8753,74,86.0,75,3.44,PH,1619837071
24,nakasongola,1.3089,32.4564,95,63.97,98,2.51,UG,1619837072
25,kodiak,57.79,-152.4072,71,46.4,1,5.75,US,1619836957
26,puerto rico,36.5939,-6.233,62,57.2,20,9.22,ES,1619836936
27,cape town,-36.413,-71.9028,100,57.2,75,8.05,CL,1619837072
28,jamestown,42.097,-79.2353,60,41.0,90,12.66,US,1619836996
29,barrow,71.2906,-156.7887,79,21.2,90,1.39,US,1619836951
30,lakes entrance,61.6071,-149.3086,29,46.99,40,9.22,US,1619837073
31,buraydah,26.326,43.975,40,68.0,0,5.75,SA,1619837073
32,sakakah,29.9697,40.2064,16,77.0,0,10.36,SA,1619837074
33,lhokseumawe,5.1801,97.1507,71,83.16,100,0.76,ID,1619837074
34,meadow lake,45.5291,-102.2163,35,64.99,76,1.99,US,1619837074
35,bukachacha,52.9833,116.9167,28,53.1,0,7.14,RU,1619837075
36,hithadhoo,-0.6,73.0833,71,83.95,93,6.06,MV,1619837075
37,victoria,22.2855,114.1577,67,82.0,98,1.99,HK,1619836882
38,georgetown,5.4112,100.3354,83,86.0,20,2.3,MY,1619837075
39,bilma,18.6853,12.9164,7,80.51,0,8.72,NE,1619837076
40,bluff,-46.6,168.3333,74,55.99,63,5.01,NZ,1619837076
41,bull savanna,6.1992,-10.2829,91,77.22,100,4.32,LR,1619837076
42,tuktoyaktuk,69.4541,-133.0374,86,21.2,40,9.22,CA,1619837077
43,punta arenas,8.9897,125.34,57,88.23,52,3.29,PH,1619837077
44,klaksvik,62.2266,-6.589,80,35.6,75,5.75,FO,1619837077
45,hobart,-42.8794,147.3294,42,68.0,0,9.22,AU,1619836853
46,fortuna,40.5982,-124.1573,100,55.0,20,8.05,US,1619837078
47,komsomolskiy,40.4272,71.7189,49,68.0,58,9.22,UZ,1619837078
48,thompson,55.7435,-97.8558,100,32.0,90,6.91,CA,1619837079
49,caravelas,-17.7125,-39.2481,62,76.23,100,13.04,BR,1619837049
50,abha,18.2164,42.5053,51,62.6,20,6.62,SA,1619836947
51,lompoc,34.6391,-120.4579,93,53.01,90,9.22,US,1619837080
52,busselton,-33.65,115.3333,74,64.99,100,1.01,AU,1619837080
53,butaritari,3.0707,172.7902,72,83.34,68,8.5,KI,1619837080
54,pudozh,61.8099,36.5345,82,32.25,9,5.88,RU,1619837081
55,mar del plata,43.4002,-4.0094,87,50.0,0,5.75,ES,1619837081
56,barra,-11.0894,-43.1417,63,75.96,72,8.08,BR,1619836812
57,saint-philippe,-21.3585,55.7679,78,73.4,0,6.91,RE,1619837081
58,idrinskoye,54.3708,92.1358,72,45.55,100,0.67,RU,1619837082
59,ouallam,14.3188,2.0866,15,87.24,0,8.08,NE,1619837082
60,hambantota,6.1241,81.1185,94,82.4,20,2.3,LK,1619837082
61,monduli,-3.3,36.45,93,60.24,84,3.65,TZ,1619837083
62,bethel,41.3712,-73.414,46,50.0,75,13.8,US,1619837083
63,port elizabeth,-7.0349,29.7638,82,71.38,100,3.36,CD,1619837083
64,nishihara,26.1842,127.7558,83,78.8,75,12.66,JP,1619837084
65,mendoza,-32.8908,-68.8272,72,59.0,0,1.86,AR,1619837084
66,acapulco,16.8634,-99.8901,83,80.6,1,4.61,MX,1619837084
67,santo domingo,-0.5854,-80.0049,98,70.38,100,2.37,EC,1619837085
68,vestmannaeyjar,63.4427,-20.2734,83,38.12,89,16.96,IS,1619837085
69,albany,42.6001,-73.9662,74,43.0,87,1.99,US,1619837058
70,yellowknife,62.456,-114.3525,93,32.0,90,10.36,CA,1619837080
71,vemalwada,18.4667,78.8833,39,88.95,11,7.05,IN,1619837086
72,shelburne,44.0787,-80.2041,82,42.01,10,19.06,CA,1619837086
73,lagoa,39.05,-27.9833,75,58.84,100,11.07,PT,1619837087
74,ribeira grande,42.7461,-8.4439,93,42.01,37,5.75,ES,1619837087
75,nikolskoye,59.7035,30.7861,86,37.0,0,6.71,RU,1619837087
76,lebu,-37.6167,-73.65,93,55.9,100,18.07,CL,1619837088
77,khatanga,71.9667,102.5,92,33.49,100,9.64,RU,1619837088
78,tagusao,9.1924,117.8141,59,86.99,54,5.19,PH,1619837088
79,teya,60.3778,92.6267,99,36.3,100,10.56,RU,1619837088
80,pontal do parana,-21.0225,-48.0372,64,69.8,0,2.3,BR,1619836938
81,torbay,47.6666,-52.7314,100,37.0,90,21.85,CA,1619837089
82,beloha,-25.1667,45.05,84,68.2,2,2.66,MG,1619837089
83,sakaiminato,35.55,133.2333,67,62.6,75,2.3,JP,1619837090
84,muli,2.9167,73.5667,70,83.25,98,4.7,MV,1619837090
85,jahazpur,25.6167,75.2833,20,91.31,55,7.63,IN,1619837090
86,pevek,69.7008,170.3133,81,18.66,100,16.2,RU,1619837091
87,mahebourg,-20.4081,57.7,83,77.0,40,10.36,MU,1619837091
88,kalmar,56.6616,16.3616,93,41.0,90,3.44,SE,1619837091
89,arak,34.0917,49.6892,33,62.58,7,1.52,IR,1619837092
90,chimbarongo,-34.7,-71.05,72,59.0,100,1.61,CL,1619837058
91,puerto narino,36.5939,-6.233,62,57.2,20,9.22,ES,1619837092
92,myre,69.1036,15.9492,86,30.2,90,6.91,NO,1619837092
93,puerto baquerizo moreno,36.5939,-6.233,62,57.2,20,9.22,ES,1619837093
94,salalah,17.0151,54.0924,78,80.6,75,3.44,OM,1619837093
95,hilo,19.7297,-155.09,57,82.4,90,10.36,US,1619837093
96,cherskiy,68.75,161.3,81,20.82,85,2.77,RU,1619837094
97,chokurdakh,70.6333,147.9167,81,22.26,9,5.59,RU,1619837094
98,avarua,-21.2078,-159.775,74,80.6,100,5.75,CK,1619837094
99,pueblo nuevo,38.2545,-104.6091,17,73.4,1,8.05,US,1619837095
100,san carlos,13.3034,-4.8956,33,90.48,96,13.69,ML,1619837095
101,grindavik,63.8424,-22.4338,69,32.0,20,21.85,IS,1619837095
102,vardo,70.3705,31.1107,84,31.66,100,8.34,NO,1619837096
103,kapaa,22.0752,-159.319,78,75.2,90,12.66,US,1619837096
104,kaitangata,-46.2817,169.8464,52,57.99,98,7.0,NZ,1619837096
105,semey,50.4111,80.2275,61,46.4,0,11.18,KZ,1619836934
106,kogon,39.7228,64.5517,51,59.0,0,18.41,UZ,1619837097
107,kochki,54.3358,80.4806,57,49.21,73,15.86,RU,1619837097
108,vostok,46.4856,135.8833,31,54.16,1,9.08,RU,1619837097
109,belmonte,-15.8631,-38.8828,88,71.6,90,10.36,BR,1619837098
110,tiksi,71.6872,128.8694,89,30.43,23,4.68,RU,1619837098
111,ponta delgada,38.7333,-28.2667,75,54.46,100,6.6,PT,1619837098
112,ostrovnoy,68.0531,39.5131,77,18.05,99,6.2,RU,1619837099
113,muros,42.7762,-9.0603,93,43.0,10,7.34,ES,1619837099
114,qaanaaq,77.484,-69.3632,55,29.05,100,7.92,GL,1619837055
115,necochea,-38.5473,-58.7368,88,53.01,0,8.01,AR,1619837099
116,esperance,-33.8667,121.9,67,62.6,90,5.75,AU,1619837100
117,chuy,-33.6971,-53.4616,95,59.83,100,7.2,UY,1619837100
118,constitucion,-35.3333,-72.4167,84,55.72,100,12.19,CL,1619837101
119,mataura,-46.1927,168.8643,74,55.99,82,5.01,NZ,1619837101
120,oksfjord,70.2396,22.3479,74,30.2,40,27.63,NO,1619837101
121,rawson,-43.3002,-65.1023,42,64.02,100,2.17,AR,1619836918
122,airai,-8.9266,125.4092,47,74.61,40,3.67,TL,1619837102
123,craig,40.5153,-107.5464,29,69.8,1,8.05,US,1619837102
124,saravan,39.7196,45.6483,88,57.2,75,11.5,AM,1619837103
125,sahuaripa,29.05,-109.2333,24,76.01,17,9.78,MX,1619837103
126,hofn,64.2539,-15.2082,65,35.1,100,11.65,IS,1619837104
127,naze,28.3667,129.4833,73,78.8,75,20.71,JP,1619837104
128,cidreira,-30.1811,-50.2056,74,68.25,0,17.43,BR,1619837104
129,hamilton,39.1834,-84.5333,43,50.0,1,9.22,US,1619836852
130,longyearbyen,78.2186,15.6401,62,12.2,20,14.97,SJ,1619837105
131,wilmington,34.2257,-77.9447,43,69.8,1,8.05,US,1619836936
132,bambous virieux,-20.2567,57.4061,83,78.01,40,10.36,MU,1619837105
133,tuatapere,-46.1333,167.6833,74,55.99,52,5.01,NZ,1619837106
134,mount isa,53.6597,-1.8537,92,37.99,17,3.11,GB,1619837106
135,bandarbeyla,9.4942,50.8122,73,82.76,99,1.88,SO,1619837106
136,paamiut,61.994,-49.6678,64,39.45,12,9.04,GL,1619837107
137,codrington,-38.2667,141.9667,37,74.25,100,15.5,AU,1619837107
138,manta,-0.95,-80.7333,88,75.2,75,2.3,EC,1619837077
139,praia,14.9215,-23.5087,78,71.6,20,13.8,CV,1619837108
140,camacha,33.0833,-16.3333,67,60.8,20,5.75,PT,1619837108
141,saskylakh,71.9167,114.0833,99,33.01,100,7.99,RU,1619837108
142,sao francisco do sul,20.5113,76.2129,25,87.17,100,8.23,IN,1619837109
143,panuco,22.05,-98.1667,78,77.0,40,9.22,MX,1619837109
144,eyl,7.9803,49.8164,75,81.27,100,2.51,SO,1619837109
145,esso,55.9333,158.7,84,41.81,99,5.17,RU,1619837110
146,richards bay,46.8361,-95.9123,32,53.6,40,12.66,US,1619837110
147,port hedland,-7.0349,29.7638,82,71.38,100,3.36,CD,1619837083
148,tessalit,20.1986,1.0114,33,78.93,85,16.93,ML,1619837110
149,new norfolk,6.6518,-10.5932,95,75.58,100,2.06,LR,1619837111
150,maceio,-9.6658,-35.7353,88,77.0,75,6.91,BR,1619837111
151,nome,64.5011,-165.4064,63,26.6,40,13.8,US,1619837111
152,coquimbo,-29.9533,-71.3436,94,55.4,0,5.75,CL,1619837112
153,copiague,40.6815,-73.3998,50,52.0,39,23.13,US,1619836951
154,arraial do cabo,-22.8362,-46.646,77,64.0,0,17.27,BR,1619837112
155,ancud,-41.8697,-73.8203,100,55.99,90,19.57,CL,1619837113
156,porangatu,-13.4408,-49.1486,80,72.45,100,3.62,BR,1619837113
157,tabou,4.423,-7.3528,80,79.93,100,4.45,CI,1619837113
158,puerto ayora,36.5939,-6.233,62,57.2,20,9.22,ES,1619837092
159,san quintin,13.3034,-4.8956,33,90.48,96,13.69,ML,1619837102
160,manokwari,-0.8667,134.0833,73,82.92,97,2.91,ID,1619837114
161,nagato,34.3833,131.2,49,69.8,75,23.02,JP,1619837114
162,provideniya,64.3833,-173.3,79,28.24,100,5.84,RU,1619837115
163,viedma,-40.8135,-62.9967,48,66.52,100,15.32,AR,1619837115
164,plettenberg bay,51.2167,7.8833,78,42.01,92,1.48,DE,1619837115
165,portland,45.5234,-122.6762,84,62.01,100,1.01,US,1619836924
166,cayenne,4.9333,-52.3333,94,78.01,0,5.66,GF,1619836939
167,caborca,30.5838,-111.101,16,84.99,0,1.99,MX,1619837116
168,port hardy,-7.0349,29.7638,82,71.38,100,3.36,CD,1619837065
169,poum,-20.2333,164.0167,68,77.18,99,9.26,NC,1619837116
170,shangqiu,34.45,115.65,26,70.84,4,6.67,CN,1619837117
171,pietarsaari,63.65,22.6833,80,30.0,0,6.91,FI,1619837117
172,horodnytsya,50.807,27.3168,91,42.87,51,3.47,UA,1619837118
173,bykov,47.3167,142.55,93,33.8,75,22.37,RU,1619837118
174,vaini,-21.2,-175.2,89,78.8,75,10.36,TO,1619837118
175,pochutla,15.7432,-96.4661,84,81.0,33,5.93,MX,1619837118
176,saryozek,44.3583,77.9753,84,48.22,97,12.5,KZ,1619837119
177,pangkalanbuun,-2.6833,111.6167,57,89.46,98,3.69,ID,1619837119
178,amapa,1.0,-52.0,98,71.92,100,1.72,BR,1619837119
179,saint-joseph,-21.3667,55.6167,78,73.4,0,6.91,RE,1619837120
180,pangnirtung,66.1451,-65.7125,76,29.64,22,7.94,CA,1619837120
181,pacific grove,38.482,-90.7415,67,61.0,7,2.15,US,1619837121
182,east london,65.0,-15.0,91,27.43,100,8.93,IS,1619837121
183,souillac,-20.5167,57.5167,83,77.0,40,10.36,MU,1619837121
184,kalmunai,7.4167,81.8167,71,83.8,23,6.93,LK,1619837122
185,sault sainte marie,44.091,5.4089,93,54.0,90,5.75,FR,1619837122
186,margate,51.3813,1.3862,81,41.0,9,4.23,GB,1619837122
187,quito,-0.2299,-78.5249,94,57.2,90,1.14,EC,1619837123
188,hirtshals,57.5881,9.9592,81,37.4,90,2.3,DK,1619837123
189,hobyo,5.3505,48.5268,66,83.37,100,6.13,SO,1619837123
190,santa cruz,17.486,120.4348,55,88.99,69,9.86,PH,1619837124
191,dubbo,-32.25,148.6167,50,75.2,0,6.91,AU,1619837124
192,synya,65.3718,58.0387,61,37.17,94,10.65,RU,1619837124
193,san rafael del sur,13.3034,-4.8956,33,90.48,96,13.69,ML,1619837102
194,podgornoye,51.735,39.1496,76,55.4,0,6.71,RU,1619837125
195,holbeach,52.804,0.0144,89,36.0,8,4.0,GB,1619837125
196,mehamn,71.0357,27.8492,75,33.8,40,21.85,NO,1619837125
197,muhos,64.808,25.9931,74,26.6,0,11.5,FI,1619837126
198,kysyl-syr,63.8986,122.7617,98,35.69,100,6.85,RU,1619837126
199,berezovyy,51.6667,135.7,53,44.08,97,7.09,RU,1619837126
200,brae,60.3964,-1.353,93,33.8,86,4.61,GB,1619837127
201,sur,22.5667,59.5289,45,85.3,74,3.18,OM,1619837127
202,ixtapa,20.7,-105.2,78,77.0,75,5.75,MX,1619837127
203,chikwawa,-16.0335,34.8009,86,72.18,3,1.59,MW,1619837128
204,yemelyanovo,56.1681,92.6767,35,53.6,0,11.18,RU,1619837128
205,san jeronimo,13.3034,-4.8956,33,90.48,96,13.69,ML,1619837102
206,hunchun,42.8675,130.3581,52,54.12,100,3.87,CN,1619837128
207,pontiac,42.6389,-83.2911,34,46.4,20,13.8,US,1619837129
208,sao filipe,20.5113,76.2129,25,87.17,100,8.23,IN,1619837109
209,katsuura,35.1333,140.3,46,75.99,75,11.5,JP,1619837129
210,gejiu,23.306,103.1635,70,64.2,100,4.45,CN,1619837130
211,marawi,7.9986,124.2928,77,84.99,97,4.0,PH,1619837130
212,rognan,67.0953,15.3878,87,32.0,97,1.63,NO,1619837130
213,mecca,21.4267,39.8261,41,84.2,100,4.61,SA,1619837131
214,auki,-8.7676,160.7034,67,84.51,92,3.44,SB,1619837131
215,tynset,62.2759,10.7824,80,28.4,90,3.44,NO,1619837131
216,itarema,-2.9248,-39.9167,88,75.81,19,8.21,BR,1619837132
217,inirida,3.8653,-67.9239,98,70.5,76,2.95,CO,1619837132
218,council bluffs,44.7299,-116.4382,20,66.2,1,4.61,US,1619837132
219,konstantinovka,49.6167,127.9833,37,60.31,17,7.99,RU,1619837133
220,korla,41.7597,86.1469,11,77.11,0,6.08,CN,1619837133
221,harboore,56.6175,8.1807,24,39.99,97,5.82,DK,1619837133
222,hasaki,35.7333,140.8333,56,75.99,75,5.75,JP,1619837134
223,peachland,49.7665,-119.7357,34,66.2,4,8.05,CA,1619837134
224,port lincoln,-7.0349,29.7638,82,71.38,100,3.36,CD,1619837065
225,huarmey,-10.0681,-78.1522,88,67.24,7,7.38,PE,1619837134
226,bollnas,61.3482,16.3946,80,27.0,10,3.11,SE,1619837135
227,eureka,40.8021,-124.1637,89,54.0,100,4.21,US,1619836950
228,charters towers,38.5736,-83.4333,37,51.8,1,6.91,US,1619837135
229,wanning,18.8003,110.3967,65,85.42,18,5.26,CN,1619837135
230,hovd,48.0056,91.6419,17,71.06,100,24.87,MN,1619837136
231,mahabad,36.7631,45.7222,78,56.14,1,1.88,IR,1619837136
232,dumas,35.8656,-101.9732,41,64.99,1,9.22,US,1619837137
233,ghanzi,-21.5667,21.7833,39,55.4,0,8.32,BW,1619837137
234,ewa beach,-8.6235,122.5073,73,79.2,34,3.78,ID,1619837137
235,madaoua,14.073,5.96,9,80.83,0,5.3,NE,1619837137
236,kununurra,-15.7667,128.7333,25,91.4,0,3.44,AU,1619837138
237,progreso,21.2833,-89.6667,65,84.2,40,4.61,MX,1619837138
238,dali,25.7,100.1833,48,71.29,100,2.62,CN,1619837138
239,kumylzhenskaya,49.8809,42.5898,83,55.0,99,4.0,RU,1619837139
240,fort saint john,52.6517,6.3861,95,44.01,99,1.01,NL,1619837139
241,pakxan,18.3778,103.6601,61,88.0,100,1.34,LA,1619837139
242,vaitape,-16.5167,-151.75,68,81.28,100,9.01,PF,1619837140
243,wenling,28.3669,121.36,26,88.0,57,8.34,CN,1619837140
244,pisco,-13.7,-76.2167,82,66.2,0,9.22,PE,1619837140
245,clyde river,41.3042,-82.9752,49,46.99,0,4.0,US,1619837141
246,santona,43.4439,-3.4576,87,50.0,0,5.75,ES,1619837141
247,xudat,41.631,48.681,84,56.86,100,3.67,AZ,1619837142
248,taltal,-25.4,-70.4833,79,63.12,20,5.44,CL,1619837142
249,koungou,-12.7336,45.2042,89,80.6,90,6.91,YT,1619837142
250,kulu,39.0951,33.0799,59,56.16,7,3.91,TR,1619837142
251,saldanha,-33.0117,17.9442,81,48.2,0,4.61,ZA,1619837143
252,bengkulu,-3.8004,102.2655,66,84.15,91,2.08,ID,1619837143
253,thaba-tseka,-29.522,28.6084,85,39.49,100,4.36,LS,1619837143
254,alofi,-19.0595,-169.9187,94,77.0,100,2.3,NU,1619837144
255,januaria,-15.4833,-44.3667,65,71.35,100,8.7,BR,1619837144
256,naushki,50.3828,106.1056,38,51.03,100,4.0,RU,1619837145
257,okhotsk,59.3833,143.3,77,35.53,100,2.66,RU,1619837145
258,piacabucu,-10.4056,-36.4344,85,76.86,97,11.16,BR,1619837145
259,ocos,14.5094,-92.1933,100,77.0,40,5.19,GT,1619837146
260,mys shmidta,62.0589,48.6201,98,34.97,100,6.85,RU,1619837146
261,tautira,-17.7333,-149.15,65,84.2,40,11.5,PF,1619837146
262,bushehr,28.9684,50.8385,94,71.6,0,6.91,IR,1619837147
263,sung noen,30.2866,79.471,32,67.82,13,2.39,IN,1619837147
264,carbondale,37.7273,-89.2168,63,62.6,1,6.44,US,1619837147
265,leningradskiy,69.3833,178.4167,92,19.89,100,22.68,RU,1619837148
266,khorixas,-20.3667,14.9667,32,66.6,9,3.11,NA,1619837148
267,olkhovka,53.2115,60.6069,51,46.42,18,7.23,RU,1619837148
268,cabedelo,-6.9811,-34.8339,94,75.2,20,4.61,BR,1619837149
269,sioux lookout,42.7333,-96.2336,32,68.0,1,10.36,US,1619837149
270,port-cartier,50.0334,-66.8654,100,42.01,75,3.44,CA,1619837149
271,wewak,-3.5534,143.6268,80,83.35,59,6.15,PG,1619837150
272,joshimath,30.5667,79.5667,49,67.35,26,1.72,IN,1619837150
273,mezen,65.8522,44.24,79,33.75,100,4.27,RU,1619837150
274,zhangzhou,24.5133,117.6556,61,82.4,20,4.47,CN,1619837151
275,khorinsk,52.1657,109.7726,44,44.94,100,3.67,RU,1619837151
276,aklavik,68.2191,-135.0107,60,33.8,100,6.91,CA,1619836955
277,grand river south east,38.8755,-109.5012,14,77.0,1,4.61,US,1619837152
278,kulhudhuffushi,6.6221,73.07,72,84.07,99,5.23,MV,1619837152
279,aksarka,66.5606,67.7975,83,19.96,17,2.98,RU,1619837152
280,sept-iles,50.2001,-66.3821,100,42.01,75,3.44,CA,1619837152
281,aojiang,22.9421,116.0359,47,84.36,97,9.13,CN,1619837153
282,bubaque,11.2833,-15.8333,69,78.85,24,14.38,GW,1619837153
283,karratha,-20.7377,116.8463,27,90.88,0,13.27,AU,1619837153
284,haines junction,59.2286,-135.4441,76,46.4,90,9.22,US,1619837154
285,bani walid,18.2833,-70.3333,85,77.0,4,3.0,DO,1619837154
286,darnah,32.767,22.6367,25,81.16,32,17.34,LY,1619837154
287,bumba,2.1833,22.4667,93,69.78,100,3.33,CD,1619837155
288,beckley,37.7782,-81.1882,58,60.8,20,14.97,US,1619837103
289,fort nelson,52.6517,6.3861,95,44.01,99,1.01,NL,1619837139
290,wapi pathum,12.3833,-84.318,87,73.42,36,5.93,NI,1619837155
291,denpasar,-8.65,115.2167,84,84.2,20,5.75,ID,1619837156
292,huilong,31.8111,121.655,44,72.0,0,13.49,CN,1619837156
293,lorengau,-2.0226,147.2712,72,84.18,44,3.36,PG,1619837156
294,ban bung,20.0173,104.6053,81,79.68,97,1.97,LA,1619837157
295,luchegorsk,46.4764,134.2569,32,59.65,6,8.41,RU,1619837157
296,bafia,4.75,11.2333,97,68.41,100,1.59,CM,1619837157
297,ballarat,-37.5662,143.8496,40,75.99,100,5.01,AU,1619837158
298,eirunepe,-6.6603,-69.8736,88,72.12,69,2.17,BR,1619837158
299,soyo,-6.1349,12.3689,86,77.47,100,6.26,AO,1619837158
300,semme,46.1963,1.5007,100,42.8,90,6.91,FR,1619837159
301,matadi,-5.8167,13.45,96,75.74,100,2.33,CD,1619837159
302,port-gentil,-0.7193,8.7815,79,81.59,100,5.95,GA,1619837159
303,port macquarie,-7.0349,29.7638,82,71.38,100,3.36,CD,1619837160
304,bhainsdehi,21.6467,77.6325,25,88.11,100,11.41,IN,1619837160
305,kisangani,0.5167,25.2,99,70.34,100,2.01,CD,1619837160
306,longhua,23.6137,114.1919,40,87.82,88,2.26,CN,1619837161
307,leshukonskoye,64.8989,45.7622,88,34.0,100,2.51,RU,1619837161
308,turiacu,-1.6633,-45.3717,95,73.98,73,3.24,BR,1619837161
309,sao gabriel da cachoeira,20.5113,76.2129,25,87.17,100,8.23,IN,1619837109
310,waddan,29.1614,16.139,9,82.65,0,9.13,LY,1619837162
311,trelew,-43.249,-65.3051,31,64.85,100,2.68,AR,1619836968
312,mount gambier,53.6597,-1.8537,92,37.99,17,3.11,GB,1619837106
313,anloga,5.7947,0.8973,83,82.4,20,4.61,GH,1619837163
314,norman wells,35.2226,-97.4395,46,69.8,1,4.61,US,1619837146
315,iqaluit,63.7506,-68.5145,75,35.6,90,16.11,CA,1619837163
316,merrill,45.1805,-89.6835,56,53.6,1,5.3,US,1619837163
317,luanda,-8.8368,13.2343,84,76.98,100,4.21,AO,1619837164
318,ucluelet,48.9329,-125.5528,87,51.01,100,3.47,CA,1619837106
319,sanandaj,35.3144,46.9923,61,48.2,0,2.59,IR,1619837164
320,saint-pierre,-21.3393,55.4781,78,73.4,0,6.91,RE,1619837165
321,iralaya,15.0,-83.2333,74,80.06,18,10.63,HN,1619837165
322,olafsvik,64.8945,-23.7142,66,34.09,66,29.46,IS,1619837165
323,kaura namoda,12.2928,4.4627,27,84.87,3,2.95,NG,1619837165
324,kutum,14.2,24.6667,16,72.55,80,5.37,SD,1619837166
325,ilulissat,69.2167,-51.1,74,32.0,96,3.44,GL,1619837166
326,maniitsoq,65.4167,-52.9,77,34.34,99,2.95,GL,1619837167
327,lavrentiya,65.5833,-171.0,74,24.84,68,1.81,RU,1619837167
328,emerald,-23.5333,148.1667,47,79.0,75,12.66,AU,1619837167
329,tahoua,14.8888,5.2692,16,79.48,0,0.51,NE,1619837168
330,ayan,56.45,138.1667,96,30.78,100,12.26,RU,1619837168
331,teknaf,20.8624,92.3058,61,86.74,25,2.73,BD,1619837168
332,vanavara,60.34,102.2797,74,40.33,56,10.6,RU,1619837169
333,karsun,54.1994,46.9827,84,49.78,98,19.19,RU,1619837169
334,severo-kurilsk,50.6789,156.125,96,35.4,100,21.79,RU,1619837169
335,launceston,-41.45,147.1667,67,68.0,75,4.61,AU,1619836927
336,kavieng,-2.5744,150.7967,67,84.56,22,6.02,PG,1619837170
337,alta floresta,69.9689,23.2717,74,28.4,40,27.63,NO,1619837170
338,faanui,-16.4833,-151.75,68,81.28,98,8.81,PF,1619837170
339,lima,-12.0432,-77.0282,82,68.0,0,10.36,PE,1619837171
340,madera,37.1666,-119.8343,23,90.0,1,6.91,US,1619837171
341,redlands,34.0556,-117.1825,12,89.6,20,10.36,US,1619836956
342,yelizovo,53.1873,158.3805,93,37.4,75,11.18,RU,1619837171
343,price,39.5994,-110.8107,17,75.2,1,3.44,US,1619836921
344,rincon,32.296,-81.2354,40,73.4,1,11.5,US,1619837172
345,goderich,43.7501,-81.7165,65,41.0,0,19.57,CA,1619836985
346,yeppoon,-23.1333,150.7333,50,78.8,40,10.36,AU,1619837172
347,manasa,24.4837,75.2687,18,91.53,93,11.5,IN,1619837173
348,petropavlovsk-kamchatskiy,53.0452,158.6483,93,37.4,75,11.18,RU,1619837173
349,san cristobal,13.3034,-4.8956,33,90.48,96,13.69,ML,1619837102
350,salme,28.0369,85.0942,72,66.2,20,2.3,NP,1619837173
351,sasvad,18.3333,74.0333,31,85.1,69,2.1,IN,1619837174
352,gat,31.61,34.7642,67,69.01,0,2.42,IL,1619837041
353,doha,25.2867,51.5333,73,78.01,0,3.44,QA,1619837174
354,moanda,-1.5575,13.2178,99,71.19,100,2.98,GA,1619837175
355,isangel,-19.55,169.2667,76,79.39,62,17.0,VU,1619837175
356,mackenzie,55.2999,-123.1698,57,48.2,90,4.61,CA,1619837175
357,jaru,-10.4389,-62.4664,93,70.14,39,1.99,BR,1619837175
358,yanaul,56.2719,54.9309,59,48.6,97,18.9,RU,1619837176
359,nizwa,22.9333,57.5333,39,78.84,2,1.36,OM,1619837176
360,pemangkat,1.1667,108.9667,64,84.61,100,3.42,ID,1619837176
361,ambilobe,-13.2,49.05,95,72.03,0,3.27,MG,1619837177
362,conway,35.0887,-92.4421,88,66.0,75,2.68,US,1619837033
363,khasan,42.4308,130.6434,77,44.6,100,7.18,RU,1619837177
364,kumo,10.0447,11.2122,43,85.28,38,7.16,NG,1619837178
365,roebourne,-20.7833,117.1333,26,90.66,0,12.97,AU,1619837178
366,ballina,-28.8667,153.5667,73,71.6,40,12.66,AU,1619837178
367,ulladulla,-35.35,150.4667,60,71.6,40,4.61,AU,1619837179
368,aksu,41.1231,80.2644,10,76.82,3,5.61,CN,1619837179
369,luba,3.4568,8.5547,89,80.6,20,5.75,GQ,1619837179
370,ulaanbaatar,47.9077,106.8832,27,48.2,75,20.13,MN,1619836957
371,privolzhye,52.8649,48.6044,84,48.58,100,14.56,RU,1619837180
372,livny,52.4253,37.6069,95,51.51,100,5.3,RU,1619837180
373,palmer,42.1584,-72.3287,53,48.2,90,21.85,US,1619837180
374,luau,-10.7073,22.2247,96,62.82,99,2.8,AO,1619837181
375,santa lucia,17.486,120.4348,55,88.99,69,9.86,PH,1619837124
376,gigmoto,13.7796,124.39,59,85.28,10,3.85,PH,1619837181
377,sitia,35.2,26.0986,36,72.5,8,6.71,GR,1619837182
378,yulara,-25.2406,130.9889,18,77.0,100,3.44,AU,1619837182
379,mount darwin,53.6597,-1.8537,92,37.99,17,3.11,GB,1619837106
380,alice springs,27.7523,-98.0697,94,75.2,90,5.75,US,1619837182
381,victor harbor,42.9826,-77.4089,89,36.0,100,1.99,US,1619837183
382,erzin,36.9559,36.2,93,64.99,0,5.01,TR,1619837183
383,muswellbrook,-32.2667,150.9,59,69.39,30,4.41,AU,1619837183
384,zeya,53.75,127.2667,38,48.61,100,1.77,RU,1619836996
385,kholmogory,64.2229,41.656,100,32.0,90,2.24,RU,1619837184
386,sabha,27.0377,14.4283,8,78.6,0,11.32,LY,1619837184
387,udala,43.0778,-2.5125,95,43.0,100,2.66,ES,1619837185
388,vanimo,-2.6741,141.3028,81,82.78,97,3.74,PG,1619837185
389,aranos,-24.1333,19.1167,43,51.44,0,8.72,NA,1619837185
390,ngunguru,-35.6167,174.5,70,68.0,100,1.99,NZ,1619837186
391,teguldet,57.3064,88.1667,59,47.77,0,9.91,RU,1619837186
392,tinskoy,56.1525,96.9161,66,48.94,73,6.98,RU,1619837186
393,izumo,35.3667,132.7667,77,59.0,75,4.61,JP,1619837187
394,juegang,32.3174,121.1855,56,68.0,2,3.0,CN,1619837187
395,kollam,8.8833,76.6,84,84.2,20,2.3,IN,1619836890
396,mayo,38.8876,-76.5119,47,55.4,1,16.11,US,1619837188
397,forio,40.7342,13.8646,72,64.99,0,2.3,IT,1619837188
398,collie,-33.3667,116.15,82,61.0,74,1.99,AU,1619837188
399,wad rawah,55.5301,44.2114,88,51.1,100,19.8,RU,1619837189
400,santa helena de goias,17.486,120.4348,55,88.99,69,9.86,PH,1619837124
401,kahului,20.8947,-156.47,69,80.6,40,18.41,US,1619837189
402,kaspiyskiy,45.3929,47.3707,71,59.77,8,6.67,RU,1619837190
403,dingle,10.9995,122.6711,57,90.32,90,9.89,PH,1619837190
404,namibe,-15.1961,12.1522,71,75.16,0,6.42,AO,1619837190
405,buala,-8.145,159.5921,68,83.55,99,2.62,SB,1619837191
406,rosetta,31.4044,30.4164,67,62.6,0,3.44,EG,1619837191
407,duffel,51.0958,4.5118,93,36.0,2,2.3,BE,1619837192
408,antofagasta,-23.65,-70.4,88,59.0,0,10.36,CL,1619837192
409,hamadan,34.7992,48.5146,45,59.41,4,0.98,IR,1619837192
410,geraldton,-28.7667,114.6,28,69.8,91,16.11,AU,1619837193
411,dunedin,-45.8742,170.5036,59,57.0,59,7.0,NZ,1619837173
412,kupang,-10.1667,123.5833,59,86.16,2,5.77,ID,1619837193
413,teluk intan,-6.3722,105.8252,68,84.51,99,3.78,ID,1619837193
414,kavaratti,10.5669,72.642,73,84.7,32,8.41,IN,1619837194
415,silopi,37.2497,42.4694,65,63.07,24,4.65,TR,1619837194
416,mizdah,31.4451,12.9801,18,78.3,7,7.58,LY,1619837194
417,kalga,50.9251,118.898,51,49.44,10,5.46,RU,1619837195
418,rudsar,37.1376,50.288,94,60.8,75,2.3,IR,1619837195
419,dholka,22.7167,72.4667,48,87.8,75,8.37,IN,1619837196
420,asau,46.4333,26.4,59,52.0,99,4.07,RO,1619837196
421,belvidere,42.2639,-88.8443,55,51.01,74,5.01,US,1619837196
422,east haven,65.0,-15.0,91,27.43,100,8.93,IS,1619837197
423,irece,-11.3042,-41.8558,82,68.14,100,15.61,BR,1619837197
424,shimoda,34.6667,138.95,49,71.6,75,17.27,JP,1619837197
425,pasaje,-3.3333,-79.8167,95,74.32,100,1.19,EC,1619837198
426,atar,20.5169,-13.0499,20,79.11,0,6.6,MR,1619837198
427,jalu,29.0331,21.5482,15,82.15,0,10.27,LY,1619837199
428,roswell,34.0232,-84.3616,52,66.0,1,5.75,US,1619837199
429,ozernovskiy,51.5,156.5167,75,39.65,100,3.13,RU,1619837199
430,belle fourche,38.2859,-91.7204,58,62.01,1,3.44,US,1619837200
431,vila velha,42.0304,-8.1588,93,45.0,0,4.61,PT,1619837200
432,tokmak,47.2514,35.7058,82,50.9,66,6.22,UA,1619837201
433,moranbah,-22.0016,148.0466,47,78.39,7,15.46,AU,1619837201
434,qaqortoq,60.7167,-46.0333,31,48.2,40,31.07,GL,1619837201
435,ossora,59.2353,163.0719,89,33.4,49,5.17,RU,1619837202
436,beringovskiy,63.05,179.3167,78,23.95,89,11.74,RU,1619837202
437,narsaq,60.9167,-46.05,31,48.2,40,31.07,GL,1619837202
438,changqing,36.5575,116.7272,23,69.15,30,10.04,CN,1619837203
439,namatanai,-3.6667,152.4333,67,84.85,75,1.43,PG,1619837203
440,ambon,-3.6954,128.1814,62,89.6,40,5.75,ID,1619837203
441,debre tabor,41.525,20.5275,88,57.2,0,3.44,MK,1619837204
442,dubrovnik,42.6481,18.0922,52,66.2,0,10.36,HR,1619837204
443,paramonga,-10.6667,-77.8333,89,66.9,22,7.4,PE,1619837204
444,smithers,54.7804,-127.1743,71,48.2,75,5.75,CA,1619837102
445,san francisco,13.3034,-4.8956,33,90.48,96,13.69,ML,1619837095
446,saint-louis,16.3333,-15.0,54,71.44,2,10.85,SN,1619837205
447,san patricio,13.3034,-4.8956,33,90.48,96,13.69,ML,1619837205
448,pringsewu,-5.3582,104.9744,67,85.5,97,4.0,ID,1619837206
449,tubalan,6.495,125.5661,73,82.27,100,5.06,PH,1619837206
450,taoudenni,22.6783,-3.9836,55,75.33,75,4.79,ML,1619837207
451,genhe,50.7833,121.5167,62,48.92,58,2.91,CN,1619837207
452,ketchikan,55.3422,-131.6461,93,46.4,90,11.5,US,1619837207
453,ermelo,-26.5333,29.9833,93,47.21,100,8.95,ZA,1619837207
454,khorramshahr,30.4397,48.1664,50,75.2,0,2.3,IR,1619837208
455,ponta do sol,38.7333,-28.2667,75,54.46,100,6.6,PT,1619837208
456,rocha,-34.4833,-54.3333,75,53.85,100,6.4,UY,1619837208
457,tapah,4.2004,101.2598,69,84.2,20,9.22,MY,1619837209
458,taitung,22.7583,121.1444,65,82.4,75,8.05,TW,1619837209
459,tungor,53.3808,142.9564,82,35.73,100,10.6,RU,1619837210
460,andenes,69.3143,16.1194,86,30.2,90,6.91,NO,1619837210
461,nador,35.174,-2.9287,77,59.0,75,6.91,MA,1619837210
462,omsukchan,62.5333,155.8,88,29.68,99,2.48,RU,1619837211
463,emba,48.8264,58.1442,45,53.47,18,12.41,KZ,1619837211
464,shelabolikha,53.4131,82.6167,37,50.0,0,4.47,RU,1619837211
465,dano,11.15,-3.0667,48,86.14,19,9.06,BF,1619837212
466,mnogovershinnyy,53.9353,139.9242,81,34.61,100,4.41,RU,1619837212
467,severnoye,56.3491,78.3619,95,37.15,99,15.9,RU,1619837212
468,monrovia,6.3005,-10.7969,84,80.17,100,8.21,LR,1619837213
469,tricase,39.9304,18.3553,100,63.0,0,6.91,IT,1619837213
470,srednekolymsk,67.45,153.6833,77,29.07,9,12.26,RU,1619837213
471,camana,-16.6228,-72.7111,83,66.67,76,7.99,PE,1619837214
472,gamba,-2.65,10.0,91,77.27,100,3.69,GA,1619837214
473,shache,38.4167,77.2406,13,77.7,4,18.37,CN,1619837214
474,sukhumi,43.0033,41.0153,86,56.07,89,3.83,GE,1619837215
475,petrokamenskoye,57.716,60.6484,62,41.07,99,9.04,RU,1619837215
476,flinders,-34.5833,150.8552,68,75.0,13,5.01,AU,1619837215
477,chapais,49.7834,-74.8492,74,30.2,90,24.16,CA,1619837216
478,dawei,14.0833,98.2,62,87.26,74,2.06,MM,1619837216
479,kabo,7.6994,18.629,81,73.54,85,3.8,CF,1619837216
480,sitka,57.0531,-135.33,87,46.4,90,8.05,US,1619837088
481,washougal,45.5826,-122.3534,68,64.4,90,4.61,US,1619837217
482,jutai,-5.1833,-68.9,98,70.75,82,2.06,BR,1619837217
483,shenjiamen,29.9576,122.298,71,63.97,67,12.21,CN,1619837217
484,guantanamo,20.1444,-75.2092,74,80.6,20,9.22,CU,1619837218
485,kaeo,-35.1,173.7833,70,68.0,16,1.99,NZ,1619837218
486,zarubino,42.63,131.0922,72,45.14,100,6.91,RU,1619837218
487,hervey bay,33.4982,-93.7771,63,66.2,90,3.44,US,1619837219
488,puerto princesa,36.5939,-6.233,62,57.2,20,9.22,ES,1619837093
489,moose factory,43.6558,-110.7183,30,68.0,1,13.8,US,1619837219
490,rio casca,38.3,21.7833,88,57.2,0,5.64,GR,1619837220
491,formosa,-26.1775,-58.1781,76,60.24,0,5.61,AR,1619837101
492,jimma,7.6667,36.8333,92,59.11,99,0.74,ET,1619836938
493,nantucket,41.2835,-70.0995,44,55.4,1,20.71,US,1619837133
494,aden,12.7794,45.0367,72,83.16,65,4.54,YE,1619837194
495,nanortalik,60.1432,-45.2371,72,36.75,94,11.14,GL,1619837220
496,cotonou,6.3654,2.4183,83,82.4,20,9.22,BJ,1619837221
497,vilyuysk,63.7553,121.6247,97,35.74,100,6.46,RU,1619837221
498,tiznit,29.5833,-9.5,76,53.02,69,4.72,MA,1619837221
499,makakilo city,21.3524,-158.0865,54,82.4,40,14.97,US,1619837222
500,miles city,35.1855,-120.7032,76,55.4,1,14.97,US,1619837112
501,maltahohe,-24.8333,16.9833,41,49.39,0,12.01,NA,1619837222
